! Data file for `g4cable.mos'

DIST: [   0 120  92 265 149 194
        120   0 141 170  93 164
         92 141   0 218 103 116
        265 170 218   0 110 126
        149  93 103 110   0  72
        194 164 116 126  72   0]
