! Data file for `e4deliver.mos'

DIST: [ 0 148 55  32  70 140 73
      148   0 93 180  99  12 72
       55  93  0  85  20  83 28
       32 180 85   0 100 174 99
       70  99 20 100   0  85 49
      140  12 83 174  85   0 73
       73  72 28  99  49  73  0]

DEM: [(2) 14000 3000 6000 16000 15000 5000]

CAP: 39000
